0.000000000000000000e+00 5.191380032200455519e-01
2.020202020202020166e-01 5.378549814484470115e-01
4.040404040404040331e-01 5.381696017102103324e-01
6.060606060606060774e-01 5.020906604275775509e-01
8.080808080808080662e-01 5.336897365189920972e-01
1.010101010101010166e+00 4.652242074520235859e-01
1.212121212121212155e+00 4.142737380549997850e-01
1.414141414141414144e+00 3.189484983140496999e-01
1.616161616161616132e+00 2.880609607354321922e-01
1.818181818181818121e+00 1.589632808570890232e-01
2.020202020202020332e+00 1.295385284363850809e-01
2.222222222222222321e+00 9.223392678285985066e-03
2.424242424242424310e+00 -9.665628252397287512e-02
2.626262626262626299e+00 -1.970676840998475399e-01
2.828282828282828287e+00 -2.095589415464259031e-01
3.030303030303030276e+00 -3.336931549636636407e-01
3.232323232323232265e+00 -3.854918644290898366e-01
3.434343434343434254e+00 -4.044219493551548528e-01
3.636363636363636243e+00 -4.769781145610947348e-01
3.838383838383838231e+00 -4.551356921973723768e-01
4.040404040404040664e+00 -5.027631219372484805e-01
4.242424242424242209e+00 -4.288029080368234158e-01
4.444444444444444642e+00 -4.324493299387500156e-01
4.646464646464646187e+00 -3.635672122158840058e-01
4.848484848484848619e+00 -3.076579305537048281e-01
5.050505050505050164e+00 -2.940743747436141420e-01
5.252525252525252597e+00 -1.820346863380254976e-01
5.454545454545454142e+00 -1.237364902175863701e-01
5.656565656565656575e+00 -4.208385572856450374e-02
5.858585858585858119e+00 2.228801414540651504e-02
6.060606060606060552e+00 1.389495676482459252e-01
6.262626262626262097e+00 1.966991744282043375e-01
6.464646464646464530e+00 2.217301580787977844e-01
6.666666666666666963e+00 2.875735892167955443e-01
6.868686868686868507e+00 3.162603378050275471e-01
7.070707070707070940e+00 3.862902152070191719e-01
7.272727272727272485e+00 3.901695998007044808e-01
7.474747474747474918e+00 3.971656336462030534e-01
7.676767676767676463e+00 4.372539101243805293e-01
7.878787878787878896e+00 3.860214210181850958e-01
8.080808080808081328e+00 3.219230125082262473e-01
8.282828282828281985e+00 3.504366960464634917e-01
8.484848484848484418e+00 2.979879472616416280e-01
8.686868686868686851e+00 2.071404486362727337e-01
8.888888888888889284e+00 1.099444391272212385e-01
9.090909090909089940e+00 5.229046784399138392e-02
9.292929292929292373e+00 -1.013511032068511834e-02
9.494949494949494806e+00 -9.045939381955950265e-02
9.696969696969697239e+00 -9.194142194853251182e-02
9.898989898989899672e+00 -1.540557325989391768e-01
1.010101010101010033e+01 -2.234530799043480953e-01
1.030303030303030276e+01 -2.471899456965902242e-01
1.050505050505050519e+01 -2.747857807767347116e-01
1.070707070707070763e+01 -3.473556896353242607e-01
1.090909090909090828e+01 -3.480202105840060622e-01
1.111111111111111072e+01 -3.871265470724702951e-01
1.131313131313131315e+01 -3.128731385367216622e-01
1.151515151515151558e+01 -3.212509265173494333e-01
1.171717171717171624e+01 -3.041121906846773748e-01
1.191919191919191867e+01 -2.391442987301569956e-01
1.212121212121212110e+01 -1.977970008117000411e-01
1.232323232323232354e+01 -1.852750055954866804e-01
1.252525252525252419e+01 -1.357996108452805828e-01
1.272727272727272663e+01 -3.058797862881753801e-02
1.292929292929292906e+01 -2.672616626487465258e-03
1.313131313131313149e+01 9.064678201645663680e-02
1.333333333333333393e+01 1.234254287295763614e-01
1.353535353535353458e+01 1.777313849042609639e-01
1.373737373737373701e+01 2.371781284840683568e-01
1.393939393939393945e+01 2.241067418817780932e-01
1.414141414141414188e+01 2.868926986585920713e-01
1.434343434343434254e+01 3.263216902025469768e-01
1.454545454545454497e+01 3.097258234286630052e-01
1.474747474747474740e+01 2.834128776874987321e-01
1.494949494949494984e+01 2.897369150788330905e-01
1.515151515151515049e+01 3.041649879311456584e-01
1.535353535353535293e+01 2.574389767253181249e-01
1.555555555555555536e+01 1.819444956016791348e-01
1.575757575757575779e+01 1.384149941749980850e-01
1.595959595959595845e+01 9.771834309887361680e-02
1.616161616161616266e+01 5.157355402577253056e-02
1.636363636363636331e+01 1.784357760210335958e-02
1.656565656565656397e+01 -6.274502339070181511e-02
1.676767676767676818e+01 -6.639925120974585204e-02
1.696969696969696884e+01 -1.246367244145832054e-01
1.717171717171717304e+01 -1.942002310466477422e-01
1.737373737373737370e+01 -1.876687958661603650e-01
1.757575757575757436e+01 -2.677301544200929584e-01
1.777777777777777857e+01 -2.523891610489957804e-01
1.797979797979797922e+01 -2.614228399372710010e-01
1.818181818181817988e+01 -2.327649751255158328e-01
1.838383838383838409e+01 -2.499867689487813294e-01
1.858585858585858475e+01 -2.093634621747794133e-01
1.878787878787878896e+01 -2.441372686280791349e-01
1.898989898989898961e+01 -2.231018239689679383e-01
1.919191919191919027e+01 -1.403756140502248340e-01
1.939393939393939448e+01 -1.541432796343595313e-01
1.959595959595959513e+01 -1.116468303067700840e-01
1.979797979797979934e+01 -1.923915393212607267e-02
2.000000000000000000e+01 2.617634985954687965e-02
